23,93
23,92
23,91
54,1
54,0
51,4
51,3
51,2
51,1
51,0
49,5
49,4
49,3
49,2
49,1
49,0
46,5
46,4
46,3
46,2
46,1
46,0
43,5
43,4
43,3
43,2
43,1
43,0
41,3
41,2
41,1
41,0
40,4
40,3
40,2
40,1
40,0
38,4
38,3
38,2
38,1
38,0
35,4
35,3
35,2
35,1
35,0
33,4
33,3
33,2
33,1
33,0
31,5
31,4
31,3
31,2
31,1
31,0
29,4
29,3
29,2
29,1
29,0
28,5
28,4
28,3
28,2
28,1
28,0
27,4
27,3
27,2
27,1
27,0
26,3
26,2
26,1
26,0
25,14
25,13
25,12
25,11
25,10
25,9
25,8
25,7
25,6
25,5
25,4
25,3
25,2
25,1
25,0
23,90
23,89
23,88
23,87
23,86
23,85
23,84
23,83
23,82
23,81
23,80
23,79
23,78
23,77
23,76
23,75
23,74
23,73
23,72
23,71
23,70
23,69
23,68
23,67
23,66
23,65
23,64
23,52
23,51
23,50
23,49
23,48
23,47
23,46
23,45
23,44
23,43
23,42
23,41
23,40
23,39
23,38
23,37
23,36
23,35
23,34
23,33
23,32
23,31
23,30
23,29
23,28
23,27
23,26
23,25
23,24
23,23
23,22
23,21
23,20
23,19
23,18
23,17
23,16
23,15
23,14
23,13
23,12
23,11
23,10
23,9
23,8
23,7
23,6
23,5
23,4
23,3
23,2
23,1
23,0
22,3
22,2
22,1
22,0
21,7
21,6
21,5
21,4
21,3
21,2
21,1
21,0
18,4
18,3
18,2
18,1
18,0
17,4
17,3
17,2
17,1
17,0
15,5
15,4
15,3
15,2
15,1
15,0
12,4
12,3
12,2
12,1
12,0
10,3
10,2
10,1
10,0
9,3
9,2
9,1
9,0
8,3
8,2
8,1
8,0
7,3
5,11
5,10
5,9
5,8
5,7
5,6
5,5
5,4
5,3
5,2
5,0
4,3
3,2
2,2
1,2
0,52
0,51
0,9
0,2
54,2
54,3
54,5
55,0
55,2
55,3
55,5
59,0
59,1
59,3
59,4
59,6
59,8
61,0
61,2
61,3
64,0
64,1
64,3
64,5
64,6
64,8
64,9
64,11
64,13
64,14
64,16
64,17
64,19
64,20
65,0
65,2
65,3
67,1
67,2
67,4
71,1
71,2
71,4
71,5
71,7
71,8
71,10
71,12
71,13
71,15
71,16
71,18
71,20
71,21
77,1
77,2
77,4
77,6
77,7
77,9
77,10
77,12
80,0
80,2
80,4
80,5
80,7
80,8
82,1
82,3
82,4
82,6
82,7
82,9
82,10
82,12
82,14
85,0
85,2
85,3
85,5
89,1
89,2
89,4
89,5
89,7
89,8
89,10
89,12
89,13
89,15
89,16
89,18
89,20
89,21
89,23
89,24
89,26
89,28
89,29
89,31
89,32
89,34
89,35
89,37
89,39
89,40
89,42
89,43
95,0
95,2
95,3
95,5
95,6
95,8
95,9
98,0
98,2
98,3
98,5
98,6
98,8
98,10
98,11
98,13
98,14
98,16
98,17
98,19
98,21
98,22
98,24
98,25
98,27
98,29
98,30
98,32
98,33
98,35
98,36
98,38
98,40
98,41
98,43
98,44
98,46
98,48
98,49
98,51
98,52
98,54
98,56
98,57
98,59
98,60
98,62
98,63
98,65
98,127
98,128
98,130
98,131
101,0
101,2
101,3
101,5
101,6
101,8
101,9
101,11
101,13
101,14
104,1
104,2
104,4
108,0
108,1
108,3
108,4
108,6
108,7
108,9
108,11
108,12
108,14
108,15
108,17
108,19
108,20
108,22
108,23
108,25
108,27
108,28
108,30
108,31
108,33
108,34
108,36
108,38
108,39
108,41
108,42
108,44
108,46
108,47
108,49
108,50
108,52
108,53
108,55
108,57
108,58
108,60
108,61
108,63
108,65
108,66
108,68
108,69
108,71
108,72
108,74
108,76
108,77
108,79
108,80
108,82
110,0
110,1
110,3
110,4
111,1
111,2
111,4
113,1
113,2
113,4
115,0
115,2
115,4
115,5
116,1
116,2
118,0
118,2
118,3
118,4
118,1
116,3
116,0
115,3
115,1
113,3
113,0
111,3
111,0
110,2
108,128
108,81
108,78
108,75
108,73
108,70
108,67
108,64
108,62
108,59
108,56
108,54
108,51
108,48
108,45
108,43
108,40
108,37
108,35
108,32
108,29
108,26
108,24
108,21
108,18
108,16
108,13
108,10
108,8
108,5
108,2
104,5
104,3
104,0
101,12
101,10
101,7
101,4
101,1
98,132
98,129
98,66
98,64
98,61
98,58
98,55
98,53
98,50
98,47
98,45
98,42
98,39
98,37
98,34
98,31
98,28
98,26
98,23
98,20
98,18
98,15
98,12
98,9
98,7
98,4
98,1
95,10
95,7
95,4
95,1
89,44
89,41
89,38
89,36
89,33
89,30
89,27
89,25
89,22
89,19
89,17
89,14
89,11
89,9
89,6
89,3
89,0
85,4
85,1
82,13
82,11
82,8
82,5
82,2
82,0
80,6
80,3
80,1
77,11
77,8
77,5
77,3
77,0
71,19
71,17
71,14
71,11
71,9
71,6
71,3
71,0
67,3
67,0
65,1
64,21
64,18
64,15
64,12
64,10
64,7
64,4
64,2
61,4
61,1
59,7
59,5
59,2
55,6
55,4
55,1
54,4
1,45
3,44
2,44
1,44
3,43
2,43
1,43
3,42
2,42
1,42
3,41
2,41
1,41
3,40
2,40
1,40
3,39
2,39
1,39
3,38
2,38
1,38
3,37
2,37
1,37
3,36
2,36
1,36
3,35
2,35
1,35
3,34
2,34
1,34
3,33
2,33
1,33
3,32
2,32
1,32
3,31
2,31
1,31
3,30
2,30
1,30
3,29
2,29
1,29
3,28
2,28
1,28
3,27
2,27
1,27
3,26
2,26
1,26
3,25
2,25
1,25
3,24
2,24
1,24
3,23
2,23
1,23
3,22
2,22
1,22
3,21
2,21
1,21
3,20
2,20
1,20
3,19
2,19
1,19
3,18
2,18
1,18
3,17
2,17
1,17
3,16
2,16
1,16
3,15
2,15
1,15
3,14
2,14
1,14
3,13
2,13
1,13
3,12
2,12
1,12
3,11
2,11
1,11
3,10
2,10
1,10
3,9
2,9
1,9
3,8
2,8
1,8
3,7
2,7
1,7
3,6
2,6
1,6
3,5
2,5
1,5
3,4
2,4
1,4
3,3
3,0
2,3
2,0
1,3
1,0
0,6
0,0
0,47
0,46
0,49
0,48
0,45
0,12
0,50
0,10
0,8
0,11
0,5
0,7
0,4
0,3
